wn= 3.8773;
km =.095;
zeta = 0.004;
tau = 0.4;
