Kp = 0.6;
Km = 0.0642;
Kd = 6;
KI = 6;
wn = 3.8918;
zeta = 0.0037;
tau = 0.4;